<drone>
	<id>Red</id>
	<cells>(1,1),(2,2),(2,3),(2,4),(1,1),(2,5),(2,6),(3,4),(1,1),(3,5),(3,6),(4,4),(1,1),(4,5),(4,6),(5,8),(1,1)</cells>
</drone>
<drone>
	<id>Blue</id>
	<cells>(1,1),(3,1),(3,2),(3,3),(1,1),(4,1),(4,2),(4,3),(1,1),(5,1),(5,2),(5,3),(1,1),(6,1),(7,1),(8,1),(1,1),(8,2),(8,3),(8,4),(1,14),(8,5),(8,6),(8,7),(1,14),(8,8),(8,9),(7,9),(1,14),(6,9),(1,13),(1,14),(1,14),(2,12),(2,13),(2,14),(1,14),(3,12),(3,13),(3,14),(1,14),(4,12),(4,13),(4,14),(1,14)</cells>
</drone>
<drone>
	<id>Purple</id>
	<cells>(1,1),(1,5),(2,5),(3,5),(1,1),(4,5),(5,8),(6,8),(1,1),(7,5),(7,6),(7,7),(1,1)</cells>
</drone>
<drone>
	<id>Yellow</id>
	<cells>(1,1),(7,6),(7,7),(7,9),(1,14),(6,12),(6,13),(6,14),(1,14),(7,12),(7,13),(7,14),(1,14),(8,11),(1,14)</cells>
</drone>
<drone>
	<id>Green</id>
	<cells>(1,1),(5,12),(5,13),(5,14),(1,14)</cells>
</drone>